Month,Other Biofuels Feedstock,Other Biofuels Losses and Co-products,Other Biofuels Production,Other Biofuels Production.1,Other Biofuels Production.2,Other Biofuels Imports,Other Biofuels Stocks,Other Biofuels Stock Change,Other Biofuels Consumption,Other Biofuels Consumption.1,Other Biofuels Consumption.2
2014-01-01,Not Available,Not Available,22.098,0.928,0.118,No Data Reported,10,5.0,17.098,0.718,0.092
2014-02-01,Not Available,Not Available,21.182,0.89,0.114,No Data Reported,11,1.0,20.182,0.848,0.108
2014-03-01,Not Available,Not Available,23.977,1.007,0.128,No Data Reported,7,-4.0,27.977,1.175,0.15
2014-04-01,Not Available,Not Available,21.231,0.892,0.114,No Data Reported,7,0.0,21.231,0.892,0.114
2014-05-01,Not Available,Not Available,22.318,0.937,0.12,No Data Reported,10,3.0,19.318,0.811,0.104
2014-06-01,Not Available,Not Available,22.114,0.929,0.119,No Data Reported,11,1.0,21.114,0.887,0.113
2014-07-01,Not Available,Not Available,25.357,1.065,0.136,No Data Reported,6,-5.0,30.357,1.275,0.163
2014-08-01,Not Available,Not Available,2.784,0.117,0.015,No Data Reported,8,2.0,0.784,0.033,0.004
2014-09-01,Not Available,Not Available,16.691,0.701,0.089,No Data Reported,9,1.0,15.691,0.659,0.084
2014-10-01,Not Available,Not Available,38.086,1.6,0.204,No Data Reported,No Data Reported,-9.0,47.086,1.978,0.252
2014-11-01,Not Available,Not Available,32.53,1.366,0.174,No Data Reported,5,5.0,27.53,1.156,0.148
2014-12-01,Not Available,Not Available,42.103,1.768,0.226,No Data Reported,7,2.0,40.103,1.684,0.215
2015-01-01,Not Available,Not Available,42.17,1.771,0.226,No Data Reported,6,-1.0,43.17,1.813,0.231
2015-02-01,Not Available,Not Available,32.125,1.349,0.172,No Data Reported,8,2.0,30.125,1.265,0.161
2015-03-01,Not Available,Not Available,27.091,1.138,0.145,No Data Reported,No Data Reported,-8.0,35.091,1.474,0.188
2015-04-01,Not Available,Not Available,29.681,1.247,0.159,No Data Reported,No Data Reported,0.0,29.681,1.247,0.159
2015-05-01,Not Available,Not Available,35.916,1.508,0.192,No Data Reported,4,4.0,31.916,1.34,0.171
2015-06-01,Not Available,Not Available,27.251,1.145,0.146,No Data Reported,4,0.0,27.251,1.145,0.146
2015-07-01,Not Available,Not Available,37.414,1.571,0.201,No Data Reported,9,5.0,32.414,1.361,0.174
2015-08-01,Not Available,Not Available,36.737,1.543,0.197,No Data Reported,4,-5.0,41.737,1.753,0.224
2015-09-01,Not Available,Not Available,33.679,1.415,0.18,No Data Reported,7,3.0,30.679,1.289,0.164
2015-10-01,Not Available,Not Available,31.69,1.331,0.17,No Data Reported,10,3.0,28.69,1.205,0.154
2015-11-01,Not Available,Not Available,29.62,1.244,0.159,No Data Reported,11,1.0,28.62,1.202,0.153
2015-12-01,Not Available,Not Available,30.001,1.26,0.161,No Data Reported,4,-7.0,37.001,1.554,0.198
2016-01-01,Not Available,Not Available,30.009,1.26,0.161,No Data Reported,8,4.0,26.009,1.092,0.139
2016-02-01,Not Available,Not Available,18.142,0.762,0.097,No Data Reported,10,2.0,16.142,0.678,0.087
2016-03-01,Not Available,Not Available,36.062,1.515,0.193,No Data Reported,11,1.0,35.062,1.473,0.188
2016-04-01,Not Available,Not Available,27.757,1.166,0.149,No Data Reported,11,0.0,27.757,1.166,0.149
2016-05-01,Not Available,Not Available,43.531,1.828,0.233,No Data Reported,11,0.0,43.531,1.828,0.233
2016-06-01,Not Available,Not Available,42.042,1.766,0.225,No Data Reported,36,25.0,17.042,0.716,0.091
2016-07-01,Not Available,Not Available,39.112,1.643,0.21,No Data Reported,32,-4.0,43.112,1.811,0.231
2016-08-01,Not Available,Not Available,50.502,2.121,0.271,No Data Reported,38,6.0,44.502,1.869,0.238
2016-09-01,Not Available,Not Available,45.273,1.901,0.243,No Data Reported,50,12.0,33.273,1.397,0.178
2016-10-01,Not Available,Not Available,45.518,1.912,0.244,No Data Reported,36,-14.0,59.518,2.5,0.319
2016-11-01,Not Available,Not Available,50.917,2.139,0.273,No Data Reported,34,-2.0,52.917,2.223,0.284
2016-12-01,Not Available,Not Available,74.604,3.133,0.4,No Data Reported,43,9.0,65.604,2.755,0.352
2017-01-01,Not Available,Not Available,50.369,2.115,0.27,No Data Reported,46,3.0,47.369,1.989,0.254
2017-02-01,Not Available,Not Available,46.621,1.958,0.25,No Data Reported,43,-3.0,49.621,2.084,0.266
2017-03-01,Not Available,Not Available,29.481,1.238,0.158,No Data Reported,33,-10.0,39.481,1.658,0.212
2017-04-01,Not Available,Not Available,74.402,3.125,0.399,No Data Reported,33,0.0,74.402,3.125,0.399
2017-05-01,Not Available,Not Available,35.496,1.491,0.19,No Data Reported,39,6.0,29.496,1.239,0.158
2017-06-01,Not Available,Not Available,37.017,1.555,0.198,No Data Reported,31,-8.0,45.017,1.891,0.241
2017-07-01,Not Available,Not Available,37.971,1.595,0.203,No Data Reported,26,-5.0,42.971,1.805,0.23
2017-08-01,Not Available,Not Available,47.943,2.014,0.257,No Data Reported,24,-2.0,49.943,2.098,0.268
2017-09-01,Not Available,Not Available,49.13,2.063,0.263,No Data Reported,32,8.0,41.13,1.727,0.22
2017-10-01,Not Available,Not Available,48.315,2.029,0.259,No Data Reported,33,1.0,47.315,1.987,0.254
2017-11-01,Not Available,Not Available,49.112,2.063,0.263,No Data Reported,25,-8.0,57.112,2.399,0.306
2017-12-01,Not Available,Not Available,64.468,2.708,0.345,No Data Reported,28,3.0,61.468,2.582,0.329
2018-01-01,Not Available,Not Available,51.387,2.158,0.275,No Data Reported,31,3.0,48.387,2.032,0.259
2018-02-01,Not Available,Not Available,57.927,2.433,0.31,No Data Reported,36,5.0,52.927,2.223,0.284
2018-03-01,Not Available,Not Available,65.016,2.731,0.348,No Data Reported,46,10.0,55.016,2.311,0.295
2018-04-01,Not Available,Not Available,51.438,2.16,0.276,No Data Reported,44,-2.0,53.438,2.244,0.286
2018-05-01,Not Available,Not Available,48.314,2.029,0.259,No Data Reported,43,-1.0,49.314,2.071,0.264
2018-06-01,Not Available,Not Available,11.299,0.475,0.061,No Data Reported,47,4.0,7.299,0.307,0.039
2018-07-01,Not Available,Not Available,3.43,0.144,0.018,No Data Reported,50,3.0,0.43,0.018,0.002
2018-08-01,Not Available,Not Available,44.086,1.852,0.236,No Data Reported,52,2.0,42.086,1.768,0.226
2018-09-01,Not Available,Not Available,70.993,2.982,0.38,No Data Reported,43,-9.0,79.993,3.36,0.429
2018-10-01,Not Available,Not Available,60.572,2.544,0.325,No Data Reported,47,4.0,56.572,2.376,0.303
2018-11-01,Not Available,Not Available,64.752,2.72,0.347,No Data Reported,53,6.0,58.752,2.468,0.315
2018-12-01,Not Available,Not Available,81.743,3.433,0.438,No Data Reported,54,1.0,80.743,3.391,0.433
2019-01-01,Not Available,Not Available,59.387,2.494,0.318,No Data Reported,56,2.0,57.387,2.41,0.308
2019-02-01,Not Available,Not Available,66.085,2.776,0.354,No Data Reported,58,2.0,64.085,2.692,0.343
2019-03-01,Not Available,Not Available,80.431,3.378,0.431,No Data Reported,61,3.0,77.431,3.252,0.415
2019-04-01,Not Available,Not Available,66.224,2.781,0.355,No Data Reported,44,-17.0,83.224,3.495,0.446
2019-05-01,Not Available,Not Available,80.689,3.389,0.432,No Data Reported,43,-1.0,81.689,3.431,0.438
2019-06-01,Not Available,Not Available,48.171,2.023,0.258,No Data Reported,42,-1.0,49.171,2.065,0.264
2019-07-01,Not Available,Not Available,58.176,2.443,0.312,No Data Reported,44,2.0,56.176,2.359,0.301
2019-08-01,Not Available,Not Available,34.363,1.443,0.184,No Data Reported,49,5.0,29.363,1.233,0.157
2019-09-01,Not Available,Not Available,69.404,2.915,0.372,No Data Reported,49,0.0,69.404,2.915,0.372
2019-10-01,Not Available,Not Available,55.931,2.349,0.3,No Data Reported,40,-9.0,64.931,2.727,0.348
2019-11-01,Not Available,Not Available,68.31,2.869,0.366,No Data Reported,45,5.0,63.31,2.659,0.339
2019-12-01,Not Available,Not Available,103.982,4.367,0.557,No Data Reported,50,5.0,98.982,4.157,0.53
2020-01-01,Not Available,Not Available,55.438,2.328,0.297,No Data Reported,45,-5.0,60.438,2.538,0.324
2020-02-01,Not Available,Not Available,54.918,2.307,0.294,No Data Reported,43,-2.0,56.918,2.391,0.305
2020-03-01,Not Available,Not Available,75.13,3.155,0.403,No Data Reported,47,4.0,71.13,2.987,0.381
2020-04-01,Not Available,Not Available,76.435,3.21,0.41,No Data Reported,46,-1.0,77.435,3.252,0.415
2020-05-01,Not Available,Not Available,56.313,2.365,0.302,No Data Reported,48,2.0,54.313,2.281,0.291
2020-06-01,Not Available,Not Available,60.276,2.532,0.323,No Data Reported,46,-2.0,62.276,2.616,0.334
2020-07-01,Not Available,Not Available,98.27,4.127,0.527,No Data Reported,42,-4.0,102.27,4.295,0.548
2020-08-01,Not Available,Not Available,58.966,2.477,0.316,No Data Reported,41,-1.0,59.966,2.519,0.321
2020-09-01,Not Available,Not Available,72.982,3.065,0.391,No Data Reported,33,-8.0,80.982,3.401,0.434
2020-10-01,Not Available,Not Available,28.785,1.209,0.154,No Data Reported,30,-3.0,31.785,1.335,0.17
2020-11-01,Not Available,Not Available,61.979,2.603,0.332,No Data Reported,27,-3.0,64.979,2.729,0.348
2020-12-01,Not Available,Not Available,61.684,2.591,0.331,No Data Reported,27,0.0,61.684,2.591,0.331
2021-01-01,Not Available,Not Available,178.937,7.515,0.959,No Data Reported,135.546,108.546,70.391,2.956,0.377
2021-02-01,Not Available,Not Available,171.909,7.22,0.921,No Data Reported,151.155,15.609,156.3,6.565,0.838
2021-03-01,Not Available,Not Available,164.799,6.922,0.883,No Data Reported,130.738,-20.418,185.217,7.779,0.993
2021-04-01,Not Available,Not Available,139.919,5.877,0.75,No Data Reported,101.271,-29.467,169.386,7.114,0.908
2021-05-01,Not Available,Not Available,126.505,5.313,0.678,No Data Reported,119.003,17.732,108.773,4.568,0.583
2021-06-01,Not Available,Not Available,91.067,3.825,0.488,No Data Reported,74.063,-44.94,136.007,5.712,0.729
2021-07-01,Not Available,Not Available,124.873,5.245,0.669,27,89.195,15.132,136.741,5.743,0.733
2021-08-01,Not Available,Not Available,139.178,5.845,0.746,No Data Reported,84.714,-4.481,143.659,6.034,0.77
2021-09-01,Not Available,Not Available,98.319,4.129,0.527,No Data Reported,71.366,-13.349,111.668,4.69,0.598
2021-10-01,Not Available,Not Available,190.935,8.019,1.023,No Data Reported,89.587,18.221,172.714,7.254,0.926
2021-11-01,Not Available,Not Available,226.974,9.533,1.216,No Data Reported,68.762,-20.824,247.798,10.408,1.328
2021-12-01,Not Available,Not Available,260.573,10.944,1.396,No Data Reported,82.546,13.784,246.789,10.365,1.323
2022-01-01,Not Available,Not Available,307.824,12.929,1.65,No Data Reported,211.101,128.555,179.269,7.529,0.961
2022-02-01,Not Available,Not Available,305.933,12.849,1.639,No Data Reported,290.28,79.179,226.754,9.524,1.215
2022-03-01,Not Available,Not Available,278.675,11.704,1.493,No Data Reported,292.085,1.805,276.87,11.629,1.484
2022-04-01,Not Available,Not Available,326.773,13.724,1.751,50,258.328,-33.757,410.53,17.242,2.2
2022-05-01,Not Available,Not Available,335.395,14.087,1.797,No Data Reported,216.974,-41.355,376.75,15.824,2.019
2022-06-01,Not Available,Not Available,365.255,15.341,1.957,No Data Reported,190.76,-26.213,391.468,16.442,2.098
2022-07-01,Not Available,Not Available,437.464,18.373,2.344,No Data Reported,189.729,-1.031,438.495,18.417,2.35
2022-08-01,Not Available,Not Available,446.973,18.773,2.395,12,178.908,-10.821,469.794,19.731,2.518
2022-09-01,Not Available,Not Available,447.655,18.802,2.399,No Data Reported,176.076,-2.832,450.487,18.92,2.414
2022-10-01,Not Available,Not Available,478.458,20.095,2.564,No Data Reported,177.558,1.482,476.976,20.033,2.556
2022-11-01,Not Available,Not Available,503.709,21.156,2.699,No Data Reported,243.833,66.275,437.434,18.372,2.344
2022-12-01,Not Available,Not Available,607.193,25.502,3.254,52,282.253,38.42,620.773,26.072,3.327
2023-01-01,Not Available,Not Available,579.222,24.327,3.104,No Data Reported,239.366,-42.887,622.109,26.129,3.334
2023-02-01,Not Available,Not Available,539.07,22.641,2.889,No Data Reported,354.99,115.624,423.446,17.785,2.269
2023-03-01,Not Available,Not Available,594.486,24.968,3.186,No Data Reported,339.678,-15.312,609.798,25.612,3.268
2023-04-01,Not Available,Not Available,474.845,19.943,2.545,No Data Reported,310.937,-28.741,503.586,21.151,2.699
2023-05-01,Not Available,Not Available,591.784,24.855,3.171,No Data Reported,264.804,-46.133,637.917,26.793,3.419
2023-06-01,Not Available,Not Available,603.888,25.363,3.236,0,300.528,35.724,568.164,23.863,3.045
2023-07-01,Not Available,Not Available,480.176,20.167,2.573,52,204.379,-96.149,628.325,26.39,3.367
2023-08-01,Not Available,Not Available,521.019,21.883,2.792,0,312.569,108.19,412.829,17.339,2.212
2023-09-01,Not Available,Not Available,603.34,25.34,3.233,No Data Reported,273.532,-39.037,642.377,26.98,3.442
2023-10-01,Not Available,Not Available,722.805,30.358,3.874,No Data Reported,332.29,58.758,664.047,27.89,3.559
2023-11-01,Not Available,Not Available,598.917,25.155,3.21,No Data Reported,308.602,-23.688,622.605,26.149,3.337
2023-12-01,Not Available,Not Available,748.767,31.448,4.013,48,314.496,5.895,790.872,33.217,4.238
2024-01-01,Not Available,Not Available,596.806,25.066,3.198,No Data Reported,259.262,-45.464,642.27,26.975,3.442
2024-02-01,Not Available,Not Available,619.766,26.03,3.321,No Data Reported,295.321,36.059,583.707,24.516,3.128
2024-03-01,Not Available,Not Available,639.765,26.87,3.429,No Data Reported,343.477,48.156,591.609,24.848,3.17
2024-04-01,Not Available,Not Available,651.158,27.349,3.49,No Data Reported,338.068,-5.409,656.567,27.576,3.519
2024-05-01,Not Available,Not Available,511.66,21.49,2.742,No Data Reported,407.355,69.287,442.373,18.58,2.371
2024-06-01,Not Available,Not Available,651.418,27.36,3.491,No Data Reported,466.057,58.702,592.716,24.894,3.176
2024-07-01,Not Available,Not Available,580.039,24.362,3.108,No Data Reported,406.575,-59.482,639.521,26.86,3.427
2024-08-01,Not Available,Not Available,700.015,29.401,3.751,No Data Reported,555.512,148.937,551.078,23.145,2.953
2024-09-01,Not Available,Not Available,778.498,32.697,4.172,No Data Reported,644.135,88.624,689.874,28.975,3.697
