Month,Renewable Diesel Fuel Feedstock,Renewable Diesel Fuel Losses and Co-products,Renewable Diesel Fuel Production,Renewable Diesel Fuel Production.1,Renewable Diesel Fuel Production.2,Renewable Diesel Fuel Imports,Renewable Diesel Fuel Stocks,Renewable Diesel Fuel Stock Change,Renewable Diesel Fuel Consumption,Renewable Diesel Fuel Consumption.1,Renewable Diesel Fuel Consumption.2
2011-01-01,Not Available,Not Available,105.425,4.428,0.579,No Data Reported,No Data Reported,No Data Reported,105.425,4.428,0.579
2011-02-01,Not Available,Not Available,22.91,0.962,0.126,No Data Reported,No Data Reported,No Data Reported,22.91,0.962,0.126
2011-03-01,Not Available,Not Available,75.033,3.151,0.412,No Data Reported,No Data Reported,No Data Reported,75.033,3.151,0.412
2011-04-01,Not Available,Not Available,46.831,1.967,0.257,No Data Reported,No Data Reported,No Data Reported,46.831,1.967,0.257
2011-05-01,Not Available,Not Available,179.182,7.526,0.984,No Data Reported,No Data Reported,No Data Reported,179.182,7.526,0.984
2011-06-01,Not Available,Not Available,108.66,4.564,0.597,No Data Reported,No Data Reported,No Data Reported,108.66,4.564,0.597
2011-07-01,Not Available,Not Available,153.961,6.466,0.846,No Data Reported,No Data Reported,No Data Reported,153.961,6.466,0.846
2011-08-01,Not Available,Not Available,201.08,8.445,1.105,No Data Reported,No Data Reported,No Data Reported,201.08,8.445,1.105
2011-09-01,Not Available,Not Available,140.454,5.899,0.772,No Data Reported,No Data Reported,No Data Reported,140.454,5.899,0.772
2011-10-01,Not Available,Not Available,164.715,6.918,0.905,No Data Reported,27,27,137.715,5.784,0.757
2011-11-01,Not Available,Not Available,124.617,5.234,0.685,No Data Reported,11,-16,140.617,5.906,0.773
2011-12-01,Not Available,Not Available,154.306,6.481,0.848,No Data Reported,7,-4,158.306,6.649,0.87
2012-01-01,Not Available,Not Available,100.413,4.217,0.552,No Data Reported,7,0,100.413,4.217,0.552
2012-02-01,Not Available,Not Available,75.94,3.189,0.417,No Data Reported,7,0,75.94,3.189,0.417
2012-03-01,Not Available,Not Available,127.483,5.354,0.7,No Data Reported,7,0,127.483,5.354,0.7
2012-04-01,Not Available,Not Available,84.58,3.552,0.465,50,10,3,131.58,5.526,0.723
2012-05-01,Not Available,Not Available,89.673,3.766,0.493,55,0,-10,154.673,6.496,0.85
2012-06-01,Not Available,Not Available,85.539,3.593,0.47,58,0,0,143.539,6.029,0.789
2012-07-01,Not Available,Not Available,149.493,6.279,0.821,No Data Reported,0,0,149.493,6.279,0.821
2012-08-01,Not Available,Not Available,130.502,5.481,0.717,No Data Reported,0,0,130.502,5.481,0.717
2012-09-01,Not Available,Not Available,89.022,3.739,0.489,56,0,0,145.022,6.091,0.797
2012-10-01,Not Available,Not Available,91.758,3.854,0.504,114,0,0,205.758,8.642,1.13
2012-11-01,Not Available,Not Available,132.874,5.581,0.73,57,0,0,189.874,7.975,1.043
2012-12-01,Not Available,Not Available,90.368,3.795,0.496,215,94,94,211.368,8.877,1.161
2013-01-01,Not Available,Not Available,30.447,1.279,0.167,No Data Reported,79,-15,45.447,1.909,0.25
2013-02-01,Not Available,Not Available,30.778,1.293,0.169,218,58,-21,269.778,11.331,1.482
2013-03-01,Not Available,Not Available,44.631,1.874,0.245,196,96,38,202.631,8.51,1.113
2013-04-01,Not Available,Not Available,39.853,1.674,0.219,148,76,-20,207.853,8.73,1.142
2013-05-01,Not Available,Not Available,66.487,2.792,0.365,136,130,54,148.487,6.236,0.816
2013-06-01,Not Available,Not Available,172.761,7.256,0.949,523,77,-53,748.761,31.448,4.114
2013-07-01,Not Available,Not Available,374.103,15.712,2.055,365,109,32,707.103,29.698,3.885
2013-08-01,Not Available,Not Available,363.244,15.256,1.996,866,546,437,792.244,33.274,4.353
2013-09-01,Not Available,Not Available,420.026,17.641,2.308,613,537,-9,1042.026,43.765,5.725
2013-10-01,Not Available,Not Available,450.756,18.932,2.476,467,486,-51,968.756,40.688,5.322
2013-11-01,Not Available,Not Available,373.307,15.679,2.051,728,665,179,922.307,38.737,5.067
2013-12-01,Not Available,Not Available,330.888,13.897,1.818,661,691,26,965.888,40.567,5.307
2014-01-01,Not Available,Not Available,245.922,10.329,1.351,267,670,-21,533.922,22.425,2.933
2014-02-01,Not Available,Not Available,292.696,12.293,1.608,133,627,-43,468.696,19.685,2.575
2014-03-01,Not Available,Not Available,356.032,14.953,1.956,267,599,-28,651.032,27.343,3.577
2014-04-01,Not Available,Not Available,325.627,13.676,1.789,247,374,-225,797.627,33.5,4.382
2014-05-01,Not Available,Not Available,386.163,16.219,2.122,409,392,18,777.163,32.641,4.27
2014-06-01,Not Available,Not Available,372.974,15.665,2.049,No Data Reported,346,-46,418.974,17.597,2.302
2014-07-01,Not Available,Not Available,333.275,13.998,1.831,603,595,249,687.275,28.866,3.776
2014-08-01,Not Available,Not Available,48.646,2.043,0.267,178,363,-232,458.646,19.263,2.52
2014-09-01,Not Available,Not Available,141.653,5.949,0.778,267,374,11,397.653,16.701,2.185
2014-10-01,Not Available,Not Available,350.52,14.722,1.926,235,223,-151,736.52,30.934,4.046
2014-11-01,Not Available,Not Available,391.971,16.463,2.153,No Data Reported,222,-1,392.971,16.505,2.159
2014-12-01,Not Available,Not Available,543.598,22.831,2.987,267,350,128,682.598,28.669,3.75
2015-01-01,Not Available,Not Available,416.778,17.505,2.29,134,403,53,497.778,20.907,2.735
2015-02-01,Not Available,Not Available,320.978,13.481,1.763,199,382,-21,540.978,22.721,2.972
2015-03-01,Not Available,Not Available,383.57,16.11,2.107,429,532,150,662.57,27.828,3.64
2015-04-01,Not Available,Not Available,374.587,15.733,2.058,266,467,-65,705.587,29.635,3.876
2015-05-01,Not Available,Not Available,374.79,15.741,2.059,539,716,249,664.79,27.921,3.652
2015-06-01,Not Available,Not Available,343.333,14.42,1.886,346,694,-22,711.333,29.876,3.908
2015-07-01,Not Available,Not Available,369.554,15.521,2.03,535,722,28,876.554,36.815,4.816
2015-08-01,Not Available,Not Available,359.534,15.1,1.975,560,879,157,762.534,32.026,4.189
2015-09-01,Not Available,Not Available,329.673,13.846,1.811,312,725,-154,795.673,33.418,4.371
2015-10-01,Not Available,Not Available,319.384,13.414,1.755,599,810,85,833.384,35.002,4.579
2015-11-01,Not Available,Not Available,301.323,12.656,1.655,472,657,-153,926.323,38.906,5.089
2015-12-01,Not Available,Not Available,317.156,13.321,1.742,483,634,-23,823.156,34.573,4.522
2016-01-01,Not Available,Not Available,279.956,11.758,1.538,258,793,159,378.956,15.916,2.082
2016-02-01,Not Available,Not Available,175.118,7.355,0.962,345,755,-38,558.118,23.441,3.066
2016-03-01,Not Available,Not Available,426.788,17.925,2.345,413,662,-93,932.788,39.177,5.125
2016-04-01,Not Available,Not Available,506.026,21.253,2.78,420,927,265,661.026,27.763,3.632
2016-05-01,Not Available,Not Available,522.226,21.933,2.869,275,774,-153,950.226,39.909,5.221
2016-06-01,Not Available,Not Available,537.365,22.569,2.952,586,790,16,1107.365,46.509,6.084
2016-07-01,Not Available,Not Available,464.762,19.52,2.553,419,931,141,742.762,31.196,4.081
2016-08-01,Not Available,Not Available,590.475,24.8,3.244,555,1129,198,947.475,39.794,5.205
2016-09-01,Not Available,Not Available,457.51,19.215,2.514,411,888,-241,1109.51,46.599,6.096
2016-10-01,Not Available,Not Available,491.423,20.64,2.7,554,1013,125,920.423,38.658,5.057
2016-11-01,Not Available,Not Available,651.458,27.361,3.579,511,914,-99,1261.458,52.981,6.93
2016-12-01,Not Available,Not Available,646.595,27.157,3.552,557,1315,401,802.595,33.709,4.409
2017-01-01,Not Available,Not Available,441.918,18.561,2.428,273,1023,-292,1006.918,42.291,5.532
2017-02-01,Not Available,Not Available,501.015,21.043,2.753,247,1012,-11,759.015,31.879,4.17
2017-03-01,Not Available,Not Available,377.538,15.857,2.074,456,920,-92,925.538,38.873,5.085
2017-04-01,Not Available,Not Available,485.791,20.403,2.669,381,926,6,860.791,36.153,4.729
2017-05-01,Not Available,Not Available,580.78,24.393,3.191,478,861,-65,1123.78,47.199,6.174
2017-06-01,Not Available,Not Available,422.553,17.747,2.322,462,786,-75,959.553,40.301,5.272
2017-07-01,Not Available,Not Available,467.9,19.652,2.571,396,708,-78,941.9,39.56,5.175
2017-08-01,Not Available,Not Available,587.438,24.672,3.227,371,678,-30,988.438,41.514,5.43
2017-09-01,Not Available,Not Available,523.025,21.967,2.873,414,731,53,884.025,37.129,4.857
2017-10-01,Not Available,Not Available,603.496,25.347,3.316,387,732,1,989.496,41.559,5.436
2017-11-01,Not Available,Not Available,551.828,23.177,3.032,345,881,149,747.828,31.409,4.109
2017-12-01,Not Available,Not Available,607.723,25.524,3.339,299,753,-128,1034.723,43.458,5.685
2018-01-01,Not Available,Not Available,325.73,13.681,1.79,506,1115,362,469.73,19.729,2.581
2018-02-01,Not Available,Not Available,514.4,21.605,2.826,337,1012,-103,954.4,40.085,5.243
2018-03-01,Not Available,Not Available,596.857,25.068,3.279,275,1305,293,578.857,24.312,3.18
2018-04-01,Not Available,Not Available,613.119,25.751,3.368,446,1559,254,805.119,33.815,4.423
2018-05-01,Not Available,Not Available,512.101,21.508,2.813,340,972,-587,1439.101,60.442,7.906
2018-06-01,Not Available,Not Available,294.858,12.384,1.62,403,1130,158,539.858,22.674,2.966
2018-07-01,Not Available,Not Available,251.274,10.554,1.381,278,1027,-103,632.274,26.556,3.474
2018-08-01,Not Available,Not Available,381.538,16.025,2.096,424,1134,107,698.538,29.339,3.838
2018-09-01,Not Available,Not Available,767.82,32.248,4.218,324,1099,-35,1126.82,47.326,6.191
2018-10-01,Not Available,Not Available,928.699,39.005,5.102,341,1258,159,1110.699,46.649,6.102
2018-11-01,Not Available,Not Available,960.129,40.325,5.275,344,1435,177,1127.129,47.339,6.192
2018-12-01,Not Available,Not Available,1126.915,47.33,6.191,106,1727,292,940.915,39.518,5.169
2019-01-01,Not Available,Not Available,868.739,36.487,4.773,543,1965,238,1173.739,49.297,6.449
2019-02-01,Not Available,Not Available,956.517,40.174,5.255,304,2097,132,1128.517,47.398,6.2
2019-03-01,Not Available,Not Available,850.959,35.74,4.675,459,2049,-48,1357.959,57.034,7.461
2019-04-01,Not Available,Not Available,918.034,38.557,5.044,407,1984,-65,1390.034,58.381,7.637
2019-05-01,Not Available,Not Available,961.497,40.383,5.282,646,1853,-131,1738.497,73.017,9.551
2019-06-01,Not Available,Not Available,946.682,39.761,5.201,600,2055,202,1344.682,56.477,7.388
2019-07-01,Not Available,Not Available,1101.959,46.282,6.054,546,2048,-7,1654.959,69.508,9.092
2019-08-01,Not Available,Not Available,718.575,30.18,3.948,433,1707,-341,1492.575,62.688,8.2
2019-09-01,Not Available,Not Available,968.866,40.692,5.323,325,1554,-153,1446.866,60.768,7.949
2019-10-01,Not Available,Not Available,1156.41,48.569,6.353,696,1821,267,1585.41,66.587,8.71
2019-11-01,Not Available,Not Available,1009.271,42.389,5.545,499,1771,-50,1558.271,65.447,8.561
2019-12-01,Not Available,Not Available,1257.051,52.796,6.906,685,1491,-280,2222.051,93.326,12.208
2020-01-01,Not Available,Not Available,996.607,41.857,5.475,605,1714,223,1378.607,57.901,7.574
2020-02-01,Not Available,Not Available,888.111,37.301,4.879,411,1388,-326,1625.111,68.255,8.928
2020-03-01,Not Available,Not Available,1076.828,45.227,5.916,452,1431,43,1485.828,62.405,8.163
2020-04-01,Not Available,Not Available,919.973,38.639,5.054,664,1557,126,1457.973,61.235,8.01
2020-05-01,Not Available,Not Available,1105.266,46.421,6.072,505,1741,184,1426.266,59.903,7.836
2020-06-01,Not Available,Not Available,1266.846,53.208,6.96,615,1536,-205,2086.846,87.648,11.465
2020-07-01,Not Available,Not Available,1111.533,46.684,6.107,318,1508,-28,1457.533,61.216,8.008
2020-08-01,Not Available,Not Available,1046.492,43.953,5.749,435,1379,-129,1610.492,67.641,8.848
2020-09-01,Not Available,Not Available,1145.542,48.113,6.294,517,1356,-23,1685.542,70.793,9.26
2020-10-01,Not Available,Not Available,600.717,25.23,3.3,617,1426,70,1147.717,48.204,6.306
2020-11-01,Not Available,Not Available,1167.956,49.054,6.417,645,1387,-39,1851.956,77.782,10.175
2020-12-01,Not Available,Not Available,1376.381,57.808,7.562,874,1287,-100,2350.381,98.716,12.913
2021-01-01,Not Available,Not Available,1415.359,59.445,7.776,771,1712.975,425.975,1760.384,73.936,9.672
2021-02-01,Not Available,Not Available,1268.478,53.276,6.969,741,1978.846,265.871,1743.607,73.231,9.579
2021-03-01,Not Available,Not Available,1356.368,56.967,7.452,893,1967.45,-11.396,2260.764,94.952,12.421
2021-04-01,Not Available,Not Available,1264.317,53.101,6.946,1013,1921.505,-45.945,2323.262,97.577,12.764
2021-05-01,Not Available,Not Available,1573.578,66.09,8.645,870,1759.612,-161.893,2605.471,109.43,14.314
2021-06-01,Not Available,Not Available,1470.112,61.745,8.077,1092,1919.968,160.357,2401.755,100.874,13.195
2021-07-01,Not Available,Not Available,1889.198,79.346,10.379,549,2283.05,363.082,2075.116,87.155,11.401
2021-08-01,Not Available,Not Available,1800.095,75.604,9.89,597,2037.019,-246.032,2643.127,111.011,14.521
2021-09-01,Not Available,Not Available,1463.3,61.459,8.039,636,2174.357,137.339,1961.961,82.402,10.779
2021-10-01,Not Available,Not Available,2027.492,85.155,11.139,795,1883.127,-291.23,3113.722,130.776,17.107
2021-11-01,Not Available,Not Available,2254.675,94.696,12.387,890,2106.603,223.476,2921.199,122.69,16.049
2021-12-01,Not Available,Not Available,2719.907,114.236,14.943,493,2352.752,246.149,2966.758,124.604,16.299
2022-01-01,Not Available,Not Available,2632.417,110.562,14.462,632,2709.717,356.965,2907.452,122.113,15.974
2022-02-01,Not Available,Not Available,2299.535,96.58,12.634,359,2748.044,38.327,2620.208,110.049,14.395
2022-03-01,Not Available,Not Available,2596.015,109.033,14.263,555,2705.375,-42.669,3193.684,134.135,17.546
2022-04-01,Not Available,Not Available,2837.035,119.155,15.587,392,2872.191,166.817,3062.218,128.613,16.824
2022-05-01,Not Available,Not Available,3008.39,126.352,16.528,649,3273.432,401.24,3256.15,136.758,17.889
2022-06-01,Not Available,Not Available,2948.04,123.818,16.197,536,2741.633,-531.798,4015.838,168.665,22.063
2022-07-01,Not Available,Not Available,3085.789,129.603,16.953,593,3148.416,406.782,3272.007,137.424,17.976
2022-08-01,Not Available,Not Available,2831.616,118.928,15.557,421,2553.995,-594.421,3847.037,161.576,21.136
2022-09-01,Not Available,Not Available,3289.33,138.152,18.072,304,2697.676,143.682,3449.648,144.885,18.952
2022-10-01,Not Available,Not Available,3079.446,129.337,16.918,451,2235.002,-462.675,3993.121,167.711,21.938
2022-11-01,Not Available,Not Available,3465.117,145.535,19.037,692,3087.278,852.277,3304.84,138.803,18.157
2022-12-01,Not Available,Not Available,3619.055,152.0,19.883,670,3405.459,318.181,3970.874,166.777,21.816
2023-01-01,Not Available,Not Available,3999.055,167.96,21.971,633,3685.36,279.902,4352.153,182.79,23.911
2023-02-01,Not Available,Not Available,3759.631,157.905,20.655,546,3678.778,-6.583,4312.214,181.113,23.691
2023-03-01,Not Available,Not Available,4717.528,198.136,25.918,786,4035.434,356.656,5146.872,216.169,28.277
2023-04-01,Not Available,Not Available,4820.26,202.451,26.483,420,4142.561,107.128,5133.132,215.592,28.201
2023-05-01,Not Available,Not Available,5355.066,224.913,29.421,1149,3713.883,-428.678,6932.744,291.175,38.088
2023-06-01,Not Available,Not Available,5488.444,230.515,30.154,681,3564.884,-148.999,6318.443,265.375,34.714
2023-07-01,Not Available,Not Available,5085.741,213.601,27.941,783,4070.584,505.7,5363.041,225.248,29.465
2023-08-01,Not Available,Not Available,5733.248,240.796,31.498,1003,4073.731,3.147,6733.101,282.79,36.992
2023-09-01,Not Available,Not Available,5961.658,250.39,32.753,405,4243.934,170.203,6196.455,260.251,34.043
2023-10-01,Not Available,Not Available,5094.289,213.96,27.988,351,3667.935,-575.999,6021.288,252.894,33.081
2023-11-01,Not Available,Not Available,5387.564,226.278,29.599,813,4992.775,1324.84,4875.724,204.78,26.787
2023-12-01,Not Available,Not Available,6492.725,272.694,35.671,1052,5477.77,484.995,7059.73,296.509,38.786
2024-01-01,Not Available,Not Available,5649.094,237.262,31.036,855,6379.345,901.575,5602.519,235.306,30.78
2024-02-01,Not Available,Not Available,5624.249,236.218,30.9,999,6290.42,-88.925,6712.174,281.911,36.877
2024-03-01,Not Available,Not Available,5984.465,251.348,32.879,1048,6291.811,1.391,7031.074,295.305,38.629
2024-04-01,Not Available,Not Available,6221.991,261.324,34.184,1025,6719.894,428.083,6818.908,286.394,37.463
2024-05-01,Not Available,Not Available,5468.137,229.662,30.042,620,5887.106,-832.788,6920.925,290.679,38.024
2024-06-01,Not Available,Not Available,7020.132,294.846,38.569,1455,6556.584,669.478,7805.654,327.837,42.884
2024-07-01,Not Available,Not Available,6835.218,287.079,37.553,1595,6151.07,-405.514,8835.732,371.101,48.544
2024-08-01,Not Available,Not Available,6648.119,279.221,36.525,1354,6204.983,53.913,7948.206,333.825,43.667
2024-09-01,Not Available,Not Available,6385.15,268.176,35.08,1010,5997.114,-207.869,7603.019,319.327,41.771
